1442
5301043
708437
8311515
876610
1128324
225968
6591131
266169
1229283
9922
530676
882032
8485832
509909
1408932
447984
4261968
698816
7722393
189538
5200957
492937
9498192
229504
8248560
857920
4669982
798041
9957290
571345
8910629
213829
5016879
320546
99192
81504
1639301
551301
1933361
227261
4057023
317282
1276446
610728
8428413
288258
6659834
31537
8590829
907029
5700652
441299
5804379
220546
7927176
840032
5360617
475697
1190765
455765
5289381
152706
2352023
556657
7733803
575077
4495
683005
9120538
40919
1478086
897423
159842
840321
8615944
558283
469970
143585
3435122
553761
8065395
537730
9706594
720167
7427137
108417
5917253
730373
6470063
509217
4896852
531824
2102285
187285
468471
296354
3976020
310640
3236117
956197
7436278
403439
5012522
898961
2877271
512429
4304198
527849
371781
511106
4024596
617072
9883102
167551
4468490
732945
8000301
855426
5528631
781794
4726296
637472
558655
778845
6048314
825777
3071203
938677
2433012
516144
2848934
367337
1764388
670531
8244065
921565
5549444
891533
8479203
28802
8750786
526273
6400935
854690
9629221
422521
8204178
658264
3867966
640488
4350428
524861
3849309
808834
2511159
524066
189770
739985
3693977
550157
3598366
280063
5335907
815113
3951156
903792
2124500
862125
3754486
520623
276858
646904
9474752
455749
3429604
955203
9632714
752977
5095941
977666
1594984
482763
5691351
90274
615642
943096
4941338
515569
8708826
10168
7506739
360661
3658279
635021
4355934
492712
3484240
758555
3621129
809954
3132463
200317
3858220
392915
4919027
746793
5496816
275712
4485330
732440
1035343
288637
5383300
857475
4673093
876613
436232
890709
6021352
402699
175287
705058
7371942
335496
4278719
412481
4306324
183843
1930264
950123
9390388
722531
6607499
655001
3923814
854152
9316716
994512
2156154
198072
3374181
389506
8334783
61922
8611350
321800
453502
586751
6884219
799481
3059435
743065
5785292
396829
4687882
175991
9495351
426274
6361226
726993
692148
296176
9493374
3432
9026919
511906
6568641
320866
561513
229858
9740146
605703
416880
772160
8454339
877186
7639170
233560
2719142
351721
4893558
58504
4801658
42929
2993372
468989
3611361
28386
4920654
524072
4223041
160641
1412631
237794
6309318
798984
3011074
90407
9318437
707717
899240
694805
9734465
711965
5039218
343559
1328086
197423
246947
761673
4797680
430885
5246869
974169
4465525
728025
8612596
94947
1425894
149192
5250050
769025
695417
505997
5177741
928341
4075006
584383
5329204
450403
681913
23633
8345023
296157
7710078
871464
3744810
137080
2190117
328322
8973508
440771
8153160
145120
6284643
56962
6597573
950018
7262595
790530
8572522
622711
5341411
875189
4999988
327981
5532848
625701
2661178
103639
1646803
157077
9475974
132232
1676808
870496
176914
336327
5461986
796248
957682
376391
4454156
317917
7698833
368253
6321693
574338
5763833
458253
4493276
991357
5951354
221297
9841742
366521
6213276
553232
7469092
978179
4198140
366480
9623917
419497
8918366
596313
8282157
421762
4238740
827555
5878018
505959
3702552
888224
2564507
715513
820956
621392
344929
440129
2746080
786560
3449822
174361
8441644
161683
4065490
922695
1674425
886925
9456269
202069
246880
879035
8932677
676482
5951418
169784
9779091
794434
5774076
722832
9018609
537634
5000827
319493
8613019
146181
4371522
165336
6227756
961117
646189
589289
1388385
439010
7980977
932157
7696841
848941
3022154
71697
8311417
44497
71367
134178
9128481
238306
3064455
651170
8948605
36105
6423044
534733
6717831
34594
1294107
545538
6783159
372066
7944250
68375
6911466
418488
855851
42649
9831985
941985
2715906
69208
7507859
731241
6012512
603269
3633342
102696
4647268
476291
6307564
672723
4246396
250547
7018676
466157
3890323
270357
6434184
96288
1695015
680610
5179531
399269
4623089
432189
305346
763928
3910634
561937
8010984
377888
5231828
687661
2314167
953378
4583530
119415
3124115
473385
7322774
21257
4434662
88681
3378455
946545
9313162
125431
1001034
131512
2725819
461381
3033224
807893
3529048
31851
7638570
392760
9168259
492341
1834840
467755
8862609
641634
8162757
143362
5168842
566071
5897113
970833
6863662
374431
215244
733008
7012847
874273
6741117
464322
1673413
592633
3450444
475408
6003477
945282
4421093
404613
3637182
383016
7433465
285965
7884924
385168
4325515
784485
6117697
816577
2807196
8272
3283122
842136
1551330
220440
5630083
762997
2327936
278277
7731736
387627
2509210
525655
8281243
31237
4129404
230928
6699349
165849
2632307
164713
1921448
962901
3274339
179061
717347
187273
9380106
578808
4722064
821723
4599344
455333
2832405
510530
7016773
305593
9454247
393873
4408233
279778
7046972
776189
7795740
529680
8218981
970681
5573050
826775
2910116
623437
9673670
470185
1319297
171677
13569
776994
9741272
964789
1879696
925147
3116110
469855
8400303
759202
6915526
704143
721852
603699
4355448
527776
7616928
604736
6204757
539737
6534673
984993
431020
42515
2659632
664384
7615869
793794
2734257
267362
3515894
959817
4380539
642361
4819668
279216
8399073
154018
2733097
860977
6623371
969829
9699028
715811
9037838
872569
4601060
716045
868150
518575
4871268
802416
1709464
180523
5760224
381893
5487382
426991
3332349
409474
57033
676578
9417819
517506
8058065
485565
1189912
371819
8267674
181207
4388132
274509
4819652
985549
9516197
75077
3521145
636770
6358813
17033
9995495
879505
5024658
881304
7105136
984677
8394586
174423
6297732
585584
6585752
277749
6794614
818927
6792363
847042
4312715
709785
4279845
507970
3838442
943121
753381
976706
4511043
226562
6940572
885264
4695926
75593
314540
229405
703434
822712
7278636
513552
2247959
974641
3529034
461137
5206062
185256
4961627
123193
8868065
545565
4284579
977346
6147724
250643
7116853
888473
2372955
655170
1469719
943981
9348195
804930
8346125
471125
8696242
451271
4864342
225071
1298523
273282
2040260
450445
2737602
649176
1598712
832544
2593892
454029
643251
479874
8303327
116993
4282397
628277
8076653
858773
4917100
309075
1447508
895021
1207537
502817
9493907
27113
9303651
33474
4906776
675232
1117493
855013
6493986
612248
7953133
600553
3684698
716849
7541015
943985
7268237
250517
9992110
37855
1152751
474749
5033867
718553
6156592
353179
2820556
48467
2246862
663656
9180879
496546
4212797
562677
5324895
965730
7444168
350091
5966590
522495
5583603
430402
8974099
706901
9454857
828962
2470782
995816
4202969
144269
3097213
999433
7720648
375051
60182
77641
8975309
146709
7965562
300631
5452381
795081
288961
479361
3514119
196706
7660528
638811
4790672
263589
6844072
864139
2210077
757257
1255461
833986
4975732
463459
1395062
247881
4661427
526018
1155226
342743
7596105
261730
1306413
896258
887509
184409
7703735
561265
5442120
815840
9773335
229165
8396388
612656
9122448
11776
69599
766401
2751758
452729
7472932
297859
5480918
726409
5623933
689353
519807
730338
9848794
343767
2435993
896013
6914523
697282
3396773
673093
232484
664013
3624515
422985
8565706
700983
9302674
11207
4539728
503461
863789
58389
1519747
48373
8496063
463842
8029884
484688
5402790
99720
6970801
592801
2957335
45165
349162
253431
6049106
166433
1305163
758117
4428377
348557
1377994
773367
8148444
651408
1583273
362093
6499233
855778
7655092
750179
7947312
359744
1663794
954392
9852861
392386
7895962
319831
2700622
116511
2816029
182729
8033201
408701
2036594
416417
4270865
298365
6995277
670082
9774083
191497
4340938
480119
1578959
28641
1162577
109757
1036911
825314
2589519
950306
8293430
873865
6766684
258163
23719
179981
6183988
989731
6946056
682592
1743450
804600
2993598
768424
2151646
792703
7112264
340373
2402595
150530
1423826
445793
4175754
562872
1195556
704717
9141812
301869
1700350
858175
852719
328481
415289
757389
5741680
332635
2285171
903529
1960721
489021
8712845
237845
1406712
848544
1839106
30183
8047760
65445
3486546
989528
6459469
585769
3759019
710181
8407512
690144
7196718
294184
8616397
364777
8770202
39601
4886528
997061
268251
479874
1838857
812337
3084564
124848
1381759
301341
1559554
716647
315245
940245
709036
710227
6203862
899656
8670196
786147
7701214
249727
783698
618849
298026
379768
1392203
345177
3857446
873103
841038
965544
5129052
766224
5294927
679393
8921363
437417
3925649
409149
5837279
883521
8877405
430530
9076190
331545
3876674
579457
6886717
220297
4927578
561464
1975959
767266
2697441
701666
486587
832633
7984431
8994
4586085
974210
4954928
733861
8495866
135063
3632393
746413
6537297
272802
3907503
580002
9356699
727801
6057247
73373
318590
614745
9293165
358165
100043
206937
5032643
763337
6081309
320834
3290525
865525
1011630
420840
623014
418127
1541079
173346
6655556
224717
9629100
221200
5618430
83240
8629967
953953
3112585
297585
8275354
177047
4690748
581501
2932923
674882
6009123
551682
1192060
871795
7962182
873641
6197847
604898
6454181
341381
9583594
746167
7617804
91728
222449
117949
8219430
951240
4084110
309480
2746286
505273
2287831
711469
6665633
313053
4854906
1208
9949943
455537
1484339
131561
9071805
724930
4976336
319077
9628197
635202
3825605
225605
804635
847865
2796095
803905
5785665
616290
2865044
538733
6263703
336802
3386498
733249
5320402
562951
3068341
580441
4868156
185917
9354464
576773
1473500
880125
6679573
186393
3805118
738009
699470
374585
528173
713493
2715442
732871
1394516
416237
9859400
763925
3864409
849809
9709571
93129
2482239
330786
4810194
357592
7861878
617864
9206414
963577
8265343
508637
8335182
887016
4875446
313353
1800650
959825
9679156
861667
4134091
286309
9558161
624061
8136248
272501
8647156
277667
865142
659721
2128287
897058
3213027
828418
5406395
306105
5097138
448344
9934144
946683
3067682
312641
4263192
9504
4549463
817
5354292
806704
8864966
667113
2610610
470855
6066713
713933
8482713
393058
5966163
290242
4326732
693584
7234501
27001
89822
894361
9212404
648803
1111927
654893
9918626
968193
1343366
246313
5994441
253666
4934216
607637
6579251
38249
4599701
897701
7928520
540640
8511052
902099
3519751
452749
3389184
556288
734064
718848
9796302
236776
3337251
575874
8032417
50497
2939975
635025
8571182
355641
7315145
977645
7309046
510153
6297378
371864
9925255
887245
796727
244593
5446378
933239
7932776
990357
9455901
665026
8996912
492069
6595803
171202
2198630
527465
9852469
423769
8909282
309441
7473918
999784
2444655
95970
4044268
670291
345757
65737
7024321
149121
8728529
95229
9521776
102107
6133846
56303
8278811
39289
8827143
276962
497437
214217
2005624
990443
4556630
371465
743440
732955
1160278
955439
4620228
836336
9068664
174048
9273359
158241
8034295
828205
5542737
460642
7394980
383235
7011586
720423
9925454
207097
3792444
779408
9287149
180649
315199
254301
4472247
86498
3410589
485314
6538539
129986
5937304
722603
9983448
583776
2401070
883385
8076050
437025
9601769
705069
6045833
710253
944529
304354
6689795
797705
9450545
338045
6312930
809240
9303887
484833
3418198
743599
2437336
94827
9036334
432287
8481903
261602
5799940
765955
7919631
925794
6240097
62977
4702938
546744
6772497
60002
4835673
611618
9928247
429873
7322443
608037
4164334
296287
4309731
424194
1514301
879426
462331
94469
2519201
884701
251824
554843
1058607
373538
6709121
283421
4256282
715441
6111186
725848
9595306
585783
2341507
281013
8843695
543805
8096366
360313
3929573
373893
4954860
229520
4697607
69538
215749
8249
7930432
212859
9618119
992081
2960428
838611
8730408
17696
2124538
832919
4957644
281808
7975252
350499
1443550
395775
7992503
379377
1367517
934722
4075102
583551
9769309
763209
6638092
916179
1702866
641688
6009056
691717
2661004
682003
8236736
103877
3766318
219359
8087467
796453
5583502
326751
8425327
362493
6437971
606229
8391937
41217
9603809
727709
5047605
25730
7307012
792269
2842029
164354
6694827
63618
9638208
303296
7703574
921032
3990058
749879
1285236
632752
5330
108065
6556748
913501
6905241
146466
310128
91136
4362015
888610
5433926
319593
2185193
407213
6556657
63137
2487078
67464
1075650
394200
2259320
349365
9691090
663495
2634018
434584
4486972
749939
9473094
262792
7892440
350955
6332450
372225
6182690
948545
9859630
69215
163254
212872
6867393
909538
9114105
29730
1790421
177346
1492460
50845
1226181
221506
3356619
216706
3682803
339202
4817526
45768
2115615
935010
1280425
805425
1805342
599321
288929
681629
7377459
243266
2789866
307063
9763979
71321
81343
932637
4797624
297568
5698927
472893
8298989
221589
2802810
81080
1581125
581125
1530810
585080
3096423
638882
7349677
722857
4178651
17849
8700847
243773
6969790
140095
560633
783053
7833917
666997
4949588
507181
362376
622432
3455517
502722
7843944
797408
3826804
21603
4417843
143637
891225
706850
4766326
554543
5412780
850960
9083946
420728
1005395
832105
1751123
774057
7367666
919713
4441041
239266
1206653
38773
9270307
284213
1970390
787145
2313630
956840
9844152
531424
4722993
831138
9391750
623375
3094816
598587
633522
141336
7883701
554201
7056819
893506
8582128
682011
5336582
44841
6017681
832381
4440744
239008
7313809
650209
2525334
779912
6386829
521154
3122170
686935
6983609
274509
7166026
673143
918048
662976
8349825
340450
2444985
320610
3550655
849345
8372022
539336
8872754
214497
5315017
154097
9384843
509762
6614980
423235
7293594
116792
1051687
51533
4213459
389141
7089768
64416
1889770
183735
8079369
309794
2208260
26445
6387216
440512
7125638
356969
5837639
703761
8442166
844463
1854772
285539
9728853
636098
5571815
63185
787124
99693
5244675
808450
9081260
412445
4873543
223437
325582
610591
8098971
308354
6558612
47344
4618566
913288
8628952
177899
384056
441717
7275015
600610
288604
513203
920482
290791
9525405
78530
8762975
937025
1472129
772829
5850239
52161
4076733
395778
3709972
195939
4018542
352296
590107
361413
6005132
908509
4368668
505341
8246813
172533
4127911
666189
6361374
187432
5105548
584851
6138117
856322
9261190
505295
7284530
693665
8541442
680871
5311253
814373
1189195
760805
2778009
648034
1657860
425520
8305979
299321
9290762
646481
3999210
236280
4989434
956337
1285871
807329
56368
14491
2675028
245936
2422734
331112
3829402
644951
9814753
727873
1601165
166165
7158887
954833
2682854
568297
7624240
238555
5653509
356034
9987400
153675
4365432
285984
8144800
700475
5710311
650914
4981708
937171
4781991
688034
876006
888008
834446
55353
745631
719169
3964207
98813
2993423
156257
420494
794617
5357375
642625
1344422
285161
1842614
199177
1963761
466786
9099408
605696
8142472
60939
7867545
83170
456995
730505
2181366
199688
1851028
19811
9087299
568201
2424100
83075
3962173
249993
7915079
848721
3582398
351449
539266
84263
8432060
458045
2526746
272753
9202487
85233
2422693
894713
8513877
79682
3607680
397760
7297129
785329
4176009
216034
7166453
921573
5478883
966197
7796301
791426
6875868
881616
7429973
848293
8456315
616185
3253579
445221
1025227
181093
8292448
398651
9635873
945693
7317652
875299
1078311
762914
1986788
941581
7850992
101979
2501756
149117
9016414
587327
4815309
664834
7167244
28883
3472142
145721
8136372
426864
5278133
238053
5720699
103801
1748137
914417
7066629
837954
1199593
568113
336740
569805
2402386
610823
8218885
691385
4761719
634481
570729
283554
1906617
572322
1749694
867967
4047293
437813
7666604
455453
4797307
662213
3620525
445525
346171
65029
991676
292157
3027022
463711
3725051
395449
8597448
711776
8062071
718754
4131651
185474
4326300
811600
597426
666968
2504087
827633
8552477
231157
581068
703891
24989
337589
186072
751264
7607383
665197
1346632
485259
135538
510919
9160756
800867
8897876
776557
1445753
231373
3730746
59128
729671
816529
5676275
61225
7093233
439778
6053929
734129
5034694
197967
6263507
1513
7721719
711981
7729256
4117
5567958
749704
7031017
730097
4320184
725163
3053684
258413
8881231
427069
8670243
55362
3823632
792384
4140222
552936
9747091
28309
9538923
458882
7216062
665256
1589048
58101
7421837
180117
6469203
388802
8695505
883005
1784262
718856
1821318
374984
8193896
651797
4575646
704703
2963345
550845
559984
812763
1614156
659792
4886537
134317
8768728
55211
3351553
532673
9889778
902689
9616499
961001
5315401
676401
5933789
678389
7671122
81761
3562754
434497
1798563
323842
6409932
899984
6597044
522733
5029468
280691
5473069
563369
4232292
262704
7527383
107697
1143757
893737
1515829
269529
3783751
428749
7206410
991505
388446
266728
9621832
75659
1681813
395033
9856705
656705
6308909
324309
4260468
520816
6980769
372194
5308970
445585
4232610
907480
6840798
154024
1687860
385520
4758373
43193
7169271
443554
3953801
608301
2144480
948485
5551456
734267
9702131
640169
8991453
949698
9053744
348133
8508231
148194
8206432
964859
2075969
162269
5976169
897969
5417498
571249
5179115
543385
824793
755938
1439735
825265
3222436
281027
7551969
831394
4293935
196065
7050138
892344
3059817
847522
9179594
150417
3353574
121032
1225709
113109
5264704
801403
7086914
72577
3494848
843451
3580869
233794
5356030
524415
8334632
967509
624819
5506
3438511
46589
6721956
33392
110703
144802
1651558
76879
9427772
337789
1075666
667463
3328589
95189
8680836
619952
7825252
50499
2152304
458853
2462085
350210
5275519
921181
8999978
982289
8312477
591157
3645663
78242
6264315
823810
4677589
241689
5484116
811437
2820733
614153
3758333
235253
7757000
727125
9938675
598825
9790659
752066
8628043
286437
5578779
710146
3815696
63397
2728092
924304
6879775
357725
8464542
560296
6207282
97816
5410584
893088
3697713
633058
173599
239901
7581613
737833
8637457
131937
9254212
340419
5306795
55705
3527556
60592
1397020
854515
364068
948016
9893846
92553
8871133
548553
6468683
255897
4897834
919287
597732
185584
3904074
615032
4353596
643197
2913232
338459
1619041
896641
822598
694799
8817258
106104
8096752
993499
2535297
802
4576299
709826
2867818
466359
3499835
252665
6931297
466177
1482659
114441
6072779
90521
5612075
350425
8347574
883657
6448813
757033
216294
824392
1617969
487394
6741720
643040
8764372
104739
5101920
549440
1418364
650448
9675019
454181
4391450
634225
957520
615515
1150032
525184
4087096
163947
2456664
30048
3864486
466248
8885867
446553
3469992
643104
4892825
805325
8030311
827789
1674704
127653
9462100
999075
9814859
769241
5260734
675112
7641943
581037
7390024
23243
7313831
757969
1162415
647585
5597299
95701
4713794
870017
5137622
898761
2322915
190210
3824135
390865
7454776
448107
5784944
642533
2016494
42617
3445033
403953
8654839
966061
4850713
500433
8156113
44833
1833360
491520
8802153
604898
2935231
663069
3238212
586544
7227590
176745
9865077
602882
7667225
779725
4009656
205792
78633
534178
711813
990658
3981951
520674
29843
524137
2038471
473229
3452348
664701
4398075
330050
6149975
175025
8532714
687352
1188079
268221
2574350
946425
4227944
8533
9427889
708989
7601956
515267
9504621
364546
6704570
646385
4537397
58277
2068535
596465
7133385
559010
3695256
992992
8302151
216849
440169
362594
419452
558899
231028
779811
8619278
693689
6736711
325389
6196950
142600
2872550
474025
6526868
461741
6576647
947473
8033144
690933
7776866
469313
9722798
830649
3304174
418207
1083782
310441
4885486
798623
731843
352137
5107778
466689
284443
76037
371786
424273
3056701
672201
9634968
294816
3483780
22960
2256954
588472
6080488
982731
622769
891069
8728224
944768
4231403
813977
9297532
867059
6230661
837186
8700814
714527
5159055
281570
2731692
471504
3971969
98269
5707505
395005
9638463
937442
292360
576395
3750922
65911
1410564
436848
5301759
34466
7255397
206277
1525525
288025
9623106
862808
1956066
363288
3154935
350690
4797484
287763
4505146
175703
6123714
195352
6518174
306457
4619134
578687
5972726
313993
9429618
823384
1784091
714434
6761598
432424
638554
18647
8667182
963641
6956389
602489
8162498
581249
4150539
337986
7996509
44034
8008486
372623
1965547
969573
3575017
514097
296207
809313
7875832
383659
2874089
198189
5045173
187993
5750829
545154
7596669
766594
1445319
577506
4593126
258568
6980920
574315
3697214
53977
4982684
956413
3116388
52656
1531176
288032
11862
883656
1527713
59933
9102019
672181
1283004
474128
6117623
355057
2604510
496680
7713229
797929
4678398
918824
257934
268712
9271196
654397
3374963
907817
5970093
796738
3333414
498952
7040322
227736
2682073
901393
2129861
496261
9600382
100991
3414054
603272
7293273
125218
5289850
569175
7950507
635138
9326899
702101
4080234
941112
280846
542303
9752310
147080
8754316
37587
8527044
354608
5072854
232047
26008
545771
8991805
879305
5732404
888803
6801407
82113
3645210
164280
9107378
267489
8655320
421365
5428675
46325
9060479
752321
2867535
813090
1878886
167823
5403976
298507
4252317
27522
8896619
61081
38272
652539
8604636
825552
9499125
77250
9075079
726221
2417414
281577
556347
848898
8763245
388245
2463264
749248
7380537
121442
283159
168941
7689411
885314
7826537
974317
3580668
251216
684962
198081
7447478
337289
8821173
39618
1530693
398338
7363306
569783
4077465
133090
2640374
530057
4652390
663145
1266128
956261
3538791
659234
6573556
634467
2324883
288322
4226036
370477
8385001
910001
7253397
262402
3069382
862991
6732847
891773
1535168
638341
1889296
640347
1037533
858953
9053888
755781
9288626
28193
5475598
88799
781720
719915
677230
466015
6336902
36201
7970697
215202
6309609
593634
7562743
472237
1611267
227778
5449244
19133
9111996
265872
5818672
413339
5526709
891609
7970358
984904
7981196
674397
239306
614033
1336841
88941
4515580
632435
1326510
592680
1611942
855496
4244228
912461
8772144
255808
5065844
828333
2925569
115869
6750196
746147
8191378
943239
2171346
371928
1509847
969773
9393882
954616
647690
318545
8747991
832034
5800114
177927
6789004
218003
4526780
177085
1396336
452827
